2026 2027 10
4243 4244 7
136 137 17
9908 9909 17
4476 4477 6
7085 7086 10
9185 9186 17
8558 8559 13
3512 3513 17
1813 1814 22
8072 8073 15
2294 2295 14
7488 7489 17
3251 3252 14
3350 3351 12
6514 6515 17
7626 7627 11
6239 6240 17
9325 9326 14
7159 7160 11
8814 8815 15
7094 7095 13
6969 6970 9
1725 1726 26
3476 3477 15
1544 1545 16
3090 3091 21
1872 1873 18
7991 7992 15
1050 1051 23
9693 9694 21
18 19 13
5294 5295 15
9829 9830 20
9927 9928 12
9770 9771 22
6914 6915 18
9112 9113 7
8329 8330 8
427 428 20
926 927 19
6401 6402 14
2721 2722 13
8414 8415 14
9652 9653 21
6071 6072 15
4929 4930 19
7279 7280 20
2310 2311 14
4254 4255 12
4439 4440 12
1125 1126 19
1349 1350 18
1408 1409 17
2850 2851 14
4825 4826 18
2953 2954 15
5940 5941 16
6697 6698 18
945 946 18
6991 6992 8
6390 6391 16
963 964 15
2285 2286 17
6220 6221 21
890 891 17
2056 2057 13
3135 3136 15
2 3 11
385 386 20
3562 3563 15
929 930 21
6786 6787 13
6284 6285 15
9343 9344 20
6438 6439 16
2355 2356 17
4272 4273 16
3718 3719 13
4666 4667 20
8527 8528 13
8157 8158 15
5791 5792 18
9876 9877 18
9566 9567 18
8642 8643 17
4701 4702 18
2519 2520 14
4583 4584 17
1399 1400 16
3465 3466 17
1574 1575 20
7790 7791 19
4428 4429 19
3859 3860 18
4010 4011 19
5319 5320 16
5916 5917 20
7145 7146 9
5321 5322 15
6301 6302 19
708 709 14
6250 6251 13
3088 3089 24
6992 6993 7
5594 5595 15
9526 9527 16
9348 9349 17
9867 9868 20
3245 3246 21
4014 4015 16
8394 8395 13
1402 1403 18
9806 9807 20
8271 8272 14
969 970 20
8448 8449 14
2973 2974 16
3489 3490 13
3032 3033 8
4372 4373 14
6954 6955 11
4606 4607 12
2162 2163 19
1382 1383 20
8466 8467 19
6173 6174 18
6701 6702 13
4382 4383 20
3319 3320 13
2023 2024 16
684 685 13
4027 4028 21
8274 8275 13
3772 3773 12
1019 1020 22
3869 3870 20
3299 3300 19
368 369 11
3736 3737 12
6544 6545 18
4382 4383 20
2131 2132 17
7947 7948 13
4189 4190 14
402 403 8
8916 8917 15
2638 2639 19
3376 3377 17
2406 2407 13
5670 5671 14
7748 7749 13
9360 9361 19
276 277 14
9911 9912 15
743 744 20
8743 8744 18
6085 6086 12
7445 7446 14
3125 3126 19
9404 9405 17
9469 9470 16
3810 3811 12
3431 3432 19
7744 7745 15
7582 7583 11
4451 4452 17
1613 1614 25
881 882 20
4819 4820 17
5350 5351 14
7426 7427 13
9202 9203 20
7481 7482 15
5373 5374 13
3391 3392 14
7884 7885 16
4290 4291 18
6029 6030 13
1261 1262 20
6696 6697 16
1700 1701 26
9010 9011 18
6057 6058 20
1976 1977 12
8921 8922 9
6801 6802 11
719 720 11
5006 5007 17
4246 4247 16
3845 3846 18
4411 4412 15
3716 3717 15
7655 7656 10
7842 7843 17
1460 1461 18
5238 5239 18
2294 2295 14
3074 3075 20
6120 6121 14
7114 7115 11
8424 8425 13
3546 3547 12
6316 6317 12
5906 5907 16
8920 8921 4
9708 9709 17
3791 3792 15
3210 3211 19
5738 5739 16
5052 5053 18
9907 9908 18
7438 7439 14
4062 4063 18
5965 5966 19
9415 9416 14
2984 2985 17
2766 2767 15
135 136 18
7991 7992 15
7013 7014 10
3981 3982 13
2402 2403 12
729 730 12
1636 1637 24
245 246 10
2189 2190 17
6875 6876 15
2539 2540 16
5264 5265 18
2995 2996 20
9653 9654 22
3688 3689 17
6541 6542 20
5970 5971 17
9595 9596 16
5461 5462 12
5678 5679 12
3386 3387 13
8672 8673 15
1416 1417 23
8439 8440 17
8579 8580 14
8855 8856 15
2502 2503 9
4545 4546 12
8270 8271 11
5486 5487 20
7311 7312 18
8405 8406 16
3477 3478 14
4324 4325 15
2386 2387 14
5880 5881 17
5053 5054 16
4023 4024 18
6125 6126 13
7243 7244 15
898 899 22
8664 8665 16
2507 2508 13
3894 3895 23
8318 8319 6
6196 6197 19
435 436 17
4288 4289 15
5791 5792 18
5897 5898 19
9966 9967 17
9178 9179 12
4569 4570 18
1383 1384 19
7617 7618 11
3149 3150 19
238 239 15
119 120 11
7694 7695 9
8509 8510 11
5606 5607 15
5006 5007 17
6914 6915 18
9083 9084 14
9330 9331 14
9301 9302 21
4964 4965 16
4384 4385 14
3325 3326 21
1089 1090 17
1628 1629 20
4224 4225 18
9754 9755 20
4136 4137 13
8118 8119 11
8072 8073 15
332 333 14
8554 8555 13
2360 2361 17
6124 6125 14
4451 4452 17
2327 2328 16
5302 5303 2
9021 9022 15
3711 3712 14
2920 2921 17
2171 2172 13
3950 3951 17
3039 3040 11
9865 9866 20
2459 2460 15
8645 8646 17
4871 4872 23
9374 9375 21
7729 7730 13
4202 4203 19
8675 8676 14
2694 2695 20
8586 8587 17
2001 2002 21
3783 3784 12
215 216 13
6225 6226 16
3537 3538 17
4351 4352 16
4343 4344 20
1610 1611 19
4684 4685 21
2897 2898 14
3971 3972 16
808 809 10
7349 7350 15
6298 6299 19
6111 6112 19
6370 6371 15
10 11 17
9031 9032 12
8541 8542 15
3960 3961 18
2071 2072 15
8407 8408 15
6419 6420 11
717 718 10
3279 3280 14
5794 5795 9
8447 8448 15
7481 7482 15
4469 4470 14
1141 1142 19
6068 6069 16
6470 6471 13
4924 4925 18
6283 6284 16
2696 2697 18
8462 8463 14
635 636 15
7039 7040 14
72 73 19
5319 5320 16
9937 9938 14
4044 4045 19
6127 6128 15
7287 7288 18
342 343 16
2239 2240 17
3658 3659 19
353 354 15
1271 1272 21
2200 2201 17
4313 4314 18
3342 3343 14
607 608 14
733 734 16
4060 4061 19
3886 3887 20
6527 6528 17
2507 2508 13
1368 1369 17
997 998 23
3649 3650 19
7436 7437 16
7468 7469 17
8574 8575 16
3720 3721 15
164 165 15
7036 7037 11
4355 4356 15
7204 7205 14
7109 7110 9
9674 9675 23
7141 7142 15
1153 1154 12
5802 5803 14
4428 4429 19
1496 1497 18
8042 8043 16
8087 8088 17
1849 1850 16
9313 9314 15
287 288 15
6163 6164 15
2655 2656 11
894 895 18
6897 6898 15
6715 6716 11
4781 4782 17
3424 3425 17
9223 9224 23
6149 6150 5
4421 4422 14
2872 2873 12
3586 3587 13
1890 1891 20
1446 1447 24
7307 7308 19
2054 2055 15
8483 8484 14
1662 1663 20
9258 9259 13
5593 5594 14
1337 1338 24
6400 6401 15
6746 6747 15
7140 7141 13
829 830 14
8243 8244 9
5182 5183 15
8916 8917 15
93 94 18
4495 4496 16
9203 9204 21
6256 6257 14
7151 7152 14
98 99 14
3153 3154 16
3867 3868 19
4879 4880 18
6578 6579 20
3090 3091 21
1029 1030 18
1000 1001 22
5963 5964 20
4616 4617 16
2890 2891 16
7409 7410 18
1923 1924 12
4944 4945 18
5893 5894 21
3585 3586 14
4203 4204 23
1486 1487 23
4923 4924 19
604 605 19
8233 8234 13
2063 2064 14
1433 1434 23
6476 6477 12
7245 7246 16
350 351 14
6569 6570 12
1741 1742 22
9553 9554 18
2826 2827 14
8892 8893 10
9651 9652 20
5980 5981 15
2759 2760 20
4531 4532 19
2558 2559 16
5850 5851 21
5560 5561 17
3558 3559 17
1813 1814 22
177 178 16
6449 6450 11
9222 9223 20
2100 2101 15
1394 1395 19
5116 5117 16
5686 5687 15
5597 5598 15
6602 6603 16
609 610 15
6202 6203 17
4835 4836 19
2673 2674 8
7635 7636 14
1311 1312 18
9918 9919 15
7986 7987 14
7881 7882 20
1660 1661 24
7539 7540 19
707 708 12
553 554 18
7191 7192 10
6687 6688 15
3312 3313 16
1723 1724 24
9246 9247 14
9162 9163 21
7284 7285 20
2804 2805 15
976 977 22
7461 7462 14
9253 9254 12
199 200 15
9561 9562 16
647 648 18
5315 5316 18
5247 5248 13
6245 6246 11
1917 1918 16
5856 5857 15
2447 2448 14
6753 6754 11
8529 8530 14
83 84 22
8064 8065 20
8448 8449 14
8069 8070 13
5946 5947 18
109 110 17
5609 5610 15
6653 6654 14
662 663 20
2801 2802 16
3341 3342 11
3975 3976 11
4524 4525 18
2587 2588 23
3137 3138 16
1808 1809 21
5392 5393 17
4114 4115 19
9269 9270 13
4646 4647 18
4313 4314 18
8830 8831 15
5294 5295 15
9628 9629 12
4078 4079 19
1540 1541 21
1545 1546 17
9935 9936 16
3988 3989 14
8299 8300 17
8464 8465 17
4071 4072 16
6363 6364 19
6913 6914 19
2141 2142 14
2310 2311 14
7022 7023 11
7750 7751 16
8964 8965 13
7685 7686 9
552 553 17
2305 2306 17
1660 1661 24
5076 5077 18
4893 4894 16
4798 4799 25
6884 6885 14
286 287 17
8912 8913 14
6154 6155 11
4932 4933 15
3225 3226 18
4985 4986 17
227 228 12
2853 2854 16
9063 9064 15
1767 1768 20
4399 4400 15
8998 8999 20
5756 5757 14
2698 2699 18
7463 7464 16
9827 9828 18
9062 9063 12
4377 4378 17
1969 1970 15
1372 1373 15
1400 1401 15
9720 9721 21
336 337 15
9085 9086 14
272 273 21
2642 2643 15
745 746 18
5348 5349 16
7536 7537 17
5543 5544 19
2233 2234 16
7822 7823 17
4455 4456 12
8388 8389 16
2755 2756 20
7681 7682 8
3373 3374 10
2982 2983 15
534 535 9
2436 2437 11
4750 4751 20
4934 4935 18
1435 1436 21
506 507 18
7633 7634 18
8899 8900 14
334 335 14
6695 6696 15
3276 3277 15
2303 2304 16
8068 8069 20
4676 4677 19
2023 2024 16
8404 8405 15
3761 3762 15
2296 2297 12
1047 1048 16
4507 4508 22
7644 7645 19
8583 8584 20
50 51 17
9878 9879 19
6405 6406 15
4506 4507 20
8266 8267 13
9161 9162 20
2188 2189 19
1639 1640 22
2143 2144 15
2723 2724 15
4076 4077 18
6894 6895 9
7657 7658 9
5512 5513 20
7401 7402 17
5290 5291 19
4411 4412 15
7736 7737 16
1986 1987 13
7687 7688 7
40 41 13
54 55 13
2364 2365 12
2064 2065 15
8459 8460 14
6125 6126 13
4360 4361 14
9506 9507 10
632 633 16
2004 2005 13
8090 8091 17
683 684 15
1882 1883 14
4495 4496 16
5190 5191 16
149 150 17
3656 3657 20
7378 7379 15
1788 1789 24
5800 5801 14
101 102 16
5865 5866 18
2695 2696 19
7759 7760 13
1377 1378 20
97 98 12
3049 3050 16
5788 5789 18
7833 7834 15
5036 5037 22
3476 3477 15
7873 7874 15
5090 5091 24
5840 5841 21
9937 9938 14
3549 3550 15
1966 1967 16
4297 4298 16
3056 3057 15
2599 2600 24
6302 6303 16
1146 1147 19
3283 3284 17
8185 8186 13
5642 5643 20
8473 8474 11
8334 8335 8
9299 9300 21
5851 5852 22
123 124 14
5100 5101 14
5953 5954 18
5988 5989 19
7795 7796 21
3712 3713 12
7366 7367 18
7893 7894 19
6762 6763 15
3154 3155 15
5726 5727 12
1798 1799 26
6631 6632 7
3600 3601 20
6889 6890 16
2472 2473 16
3537 3538 17
439 440 16
4438 4439 11
7835 7836 16
3495 3496 13
7038 7039 13
4137 4138 16
4642 4643 17
321 322 10
2323 2324 14
285 286 18
8794 8795 18
657 658 20
9584 9585 20
4646 4647 18
780 781 13
4685 4686 23
600 601 15
6769 6770 11
2481 2482 21
4312 4313 17
4135 4136 15
374 375 14
1075 1076 21
7290 7291 21
6100 6101 16
2874 2875 16
3921 3922 21
9700 9701 21
9763 9764 23
6393 6394 18
3238 3239 16
202 203 15
832 833 13
1074 1075 22
3698 3699 16
7870 7871 14
5212 5213 17
8340 8341 9
8192 8193 15
7535 7536 21
8625 8626 20
6986 6987 8
8192 8193 15
8210 8211 15
1633 1634 25
8973 8974 14
2895 2896 12
2233 2234 16
5742 5743 12
5376 5377 11
6545 6546 12
9877 9878 16
5751 5752 15
7621 7622 15
7167 7168 13
1851 1852 15
495 496 16
1089 1090 17
1552 1553 17
258 259 10
7483 7484 16
4791 4792 18
460 461 19
8315 8316 10
5865 5866 18
4159 4160 20
6186 6187 16
1077 1078 22
2499 2500 15
4378 4379 18
8613 8614 19
1125 1126 19
1365 1366 18
6805 6806 14
9336 9337 19
2998 2999 13
5779 5780 14
2231 2232 18
5231 5232 16
1521 1522 17
7608 7609 16
1777 1778 22
1399 1400 16
3359 3360 14
9398 9399 18
8566 8567 15
5211 5212 13
9894 9895 18
9655 9656 22
6764 6765 15
152 153 17
7139 7140 11
1555 1556 22
613 614 16
5454 5455 18
7421 7422 13
4772 4773 21
1641 1642 23
8499 8500 10
7272 7273 20
6020 6021 15
7112 7113 15
8397 8398 10
7385 7386 17
3918 3919 17
7733 7734 16
383 384 18
9697 9698 19
9965 9966 13
5615 5616 11
1218 1219 16
7574 7575 11
7392 7393 13
2618 2619 14
934 935 21
6791 6792 17
1184 1185 11
6145 6146 15
6685 6686 14
840 841 16
2909 2910 13
6838 6839 10
7979 7980 17
4465 4466 13
7452 7453 19
3434 3435 14
1886 1887 18
2225 2226 13
5076 5077 18
386 387 19
9497 9498 13
1096 1097 20
7498 7499 13
7895 7896 16
8481 8482 12
1416 1417 23
5629 5630 15
8865 8866 13
1114 1115 21
5595 5596 13
4481 4482 14
2333 2334 10
3169 3170 18
1874 1875 17
4951 4952 16
4103 4104 19
8665 8666 15
6135 6136 18
249 250 14
5351 5352 17
6976 6977 10
3159 3160 15
2190 2191 15
4956 4957 16
7624 7625 13
9642 9643 18
8390 8391 11
9511 9512 14
1868 1869 17
3466 3467 18
9897 9898 13
1365 1366 18
4563 4564 16
7395 7396 12
9261 9262 13
3045 3046 14
8812 8813 13
4891 4892 17
1910 1911 18
9926 9927 9
486 487 17
6391 6392 18
2260 2261 15
3656 3657 20
8265 8266 10
7211 7212 17
7760 7761 16
6931 6932 20
3346 3347 18
8009 8010 15
2283 2284 15
323 324 12
1168 1169 14
4473 4474 18
5279 5280 17
8793 8794 19
4116 4117 19
3670 3671 19
8304 8305 19
5984 5985 20
7137 7138 12
8201 8202 12
7350 7351 18
1700 1701 26
5597 5598 15
6611 6612 14
4746 4747 18
4410 4411 17
1502 1503 17
6656 6657 4
4337 4338 14
1989 1990 12
3048 3049 15
6597 6598 15
5645 5646 17
1314 1315 23
3808 3809 13
3406 3407 13
8246 8247 9
7155 7156 12
1415 1416 24
529 530 16
7479 7480 15
2584 2585 18
5003 5004 17
2759 2760 20
1377 1378 20
9119 9120 14
6429 6430 18
9682 9683 23
5103 5104 19
3567 3568 15
7884 7885 16
2454 2455 14
5268 5269 20
3482 3483 12
9065 9066 14
14 15 10
7893 7894 19
568 569 20
6671 6672 15
2230 2231 14
2558 2559 16
9720 9721 21
8828 8829 12
8204 8205 11
1034 1035 20
2636 2637 17
1610 1611 19
9281 9282 13
9792 9793 21
3026 3027 11
9810 9811 22
7271 7272 12
5611 5612 13
4813 4814 17
30 31 15
6988 6989 11
3933 3934 17
6460 6461 16
6671 6672 15
9037 9038 13
28 29 18
4555 4556 14
1491 1492 18
5296 5297 13
8038 8039 16
557 558 20
5310 5311 11
5931 5932 16
1126 1127 16
1982 1983 9
8161 8162 18
3684 3685 14
1702 1703 26
6990 6991 9
1888 1889 16
2736 2737 17
9627 9628 20
3499 3500 16
2017 2018 19
9419 9420 17
6525 6526 20
1828 1829 17
6691 6692 15
2136 2137 15
6642 6643 10
6722 6723 11
9125 9126 16
575 576 17
3183 3184 12
5797 5798 14
9613 9614 18
3211 3212 20
352 353 16
1104 1105 18
8507 8508 13
8391 8392 13
1661 1662 18
3818 3819 10
4322 4323 8
2788 2789 15
